81
-1
6
-11
-32
6
2
9
4
0
2
-1
0
-1
0
1
-1
-1
0
-8
8
17
0
-1
0
21
-16
-28
2
2
1
-15
35
1
3
-13
-30
6
2
9
4
1
0
0
0
-1
-1
3
-1
-2
0
-4
-3
25
3
-2
-2
1
32
-52
-2
3
-22
-26
70
2
-2
-11
-31
6
3
8
3
1
1
0
-1
0
2
-2
0
0
-1
-3
-3
20
5
0
-1
-4
19
3
-42
-17
-24
-1
72
-16
14
-10
-34
7
4
8
3
1
2
0
7
11
10
3
-15
-19
-1
-5
-2
19
4
0
-2
-3
2
40
-60
-41
3
-3
66
-29
36
-13
-36
8
4
7
4
2
-6
6
5
8
17
9
4
-9
-34
-10
0
25
-6
1
2
-1
1
-1
-56
-2
0
6
31
-3
37
-14
-34
8
3
7
4
-5
2
3
8
5
16
10
10
4
-2
-63
0
29
-9
-26
32
-1
0
-52
-6
0
10
40
-25
9
36
-13
-35
9
3
7
3
-5
3
9
4
-1
23
13
3
3
2
-6
-62
32
-7
-53
44
13
-35
-24
0
2
42
23
-41
7
36
-12
-37
10
3
12
0
-6
7
4
1
22
8
6
3
4
2
3
-31
-7
-7
-43
66
24
-95
-5
0
29
34
4
-38
7
33
-10
-38
9
3
21
-16
-2
7
5
15
10
6
-1
5
5
-2
6
0
-22
-2
20
8
6
-92
-13
11
52
7
-2
-36
7
36
-11
-39
7
2
29
-11
-14
10
10
4
8
6
2
0
4
4
-3
0
8
4
1
-6
-3
-86
1
45
22
0
-1
-37
9
35
-11
-39
7
0
33
1
-23
9
4
2
4
-2
4
5
0
2
11
8
3
3
1
-35
-16
-45
20
45
3
0
-1
-35
10
33
-11
-42
9
0
31
7
-23
4
0
3
-9
-22
15
-15
-6
57
17
0
3
-20
-26
7
-46
-7
46
23
-1
-2
-1
-31
5
34
-9
-43
8
1
13
39
-35
-1
1
-17
-19
-4
7
10
50
8
0
3
-47
17
8
-57
-6
12
51
8
-2
-2
-2
-31
1
38
-8
-45
10
2
4
41
-35
4
-23
-14
1
-3
10
43
19
-2
9
7
-60
11
-41
0
-4
34
33
5
-1
-2
-3
-33
2
39
-7
-43
9
3
6
12
-8
-26
-15
-1
7
7
51
7
-3
5
15
6
-45
-28
-19
-2
-1
54
10
-2
-1
1
-1
-32
1
40
-6
-44
9
2
14
-13
-4
-17
-11
-1
7
50
18
-20
-10
22
17
-2
-40
-30
3
-14
18
42
5
0
-4
-2
-5
-28
-1
46
-7
-45
9
5
25
-40
-7
1
-12
0
30
51
-53
-18
27
10
32
-56
-13
-4
16
-25
38
28
-1
0
-2
-3
-5
-26
-5
50
-4
-43
9
4
-20
-1
-1
6
-26
8
66
-19
5
-1
10
-17
34
-30
-33
-13
23
-29
54
8
0
-2
-5
11
15
-64
-2
56
-3
-44
16
-16
-3
-14
-1
16
-22
42
-4
6
20
12
-8
-17
31
-20
-31
-28
27
-16
47
1
-3
-4
12
21
2
-76
-4
59
-2
-40
5
-10
6
-20
-4
22
-13
36
-44
37
16
10
-8
-13
31
-18
-40
-18
32
-4
34
-3
-3
-3
31
7
3
-81
4
51
-2
-44
1
-8
6
-1
-15
13
26
-38
4
30
12
8
-1
-13
21
-16
-51
3
27
17
13
-2
-3
9
26
4
1
-89
15
48
-2
-44
0
-16
9
10
0
29
-42
-14
11
29
11
0
1
7
6
-36
-30
9
21
29
2
-3
-3
18
24
0
2
-97
22
48
-2
-40
-9
-15
27
-6
29
-18
-39
2
7
20
17
8
-8
10
-1
-51
-2
12
20
29
0
-3
-5
26
20
-1
-2
-100
32
41
-1
-47
-11
-8
30
5
3
-39
-1
-2
3
6
21
21
12
6
-37
-31
4
12
20
25
0
-2
-9
36
14
-2
-10
-86
14
52
1
-39
-26
-1
26
3
8
-25
-10
-7
2
5
26
15
12
8
-4
-40
-18
15
18
7
0
3
-4
50
3
-42
-46
39
-31
50
3
-44
-22
9
1
6
24
-14
-24
-5
2
7
29
12
5
13
16
9
-40
-43
29
17
-6
-12
1
56
-32
-46
7
9
-1
36
3
-58
-14
9
-6
14
17
-1
-17
-14
1
18
20
12
4
9
11
13
11
-72
14
15
-4
-5
25
25
-64
-4
-2
-8
15
32
4
-61
-13
13
-11
5
28
6
-21
-12
7
18
14
9
1
7
10
15
11
-30
-18
7
-4
2
45
-21
-49
0
-2
-15
30
23
6
-59
-12
2
-3
9
14
4
-26
-1
30
0
22
4
-2
5
9
13
14
0
-50
5
4
2
33
-34
-29
1
-3
-8
38
9
9
-59
-14
4
-3
4
28
-19
-18
13
25
0
21
2
-2
2
8
11
16
9
-56
-22
-10
49
23
-65
5
2
-11
13
34
0
10
-65
-7
4
6
-4
16
-15
-12
22
11
21
5
2
1
-2
4
10
15
13
-31
-35
-6
33
-31
-8
0
12
-21
-2
70
-15
6
-68
4
6
4
0
-3
-1
3
25
7
3
3
3
3
1
1
7
11
14
-8
-56
13
-1
-11
-8
8
-7
-14
